A    :        0.141356
B    :        0.086394
C    :        0.061854
D    :        0.043869
E    :        0.061013
F    :        0.042525
G    :        0.044710
H    :        0.214808
I    :        0.650306
J    :        0.020170
K    :        0.014455
L    :        0.058324
M    :        0.127237
N    :        0.060677
O    :        0.063030
P    :        0.049584
Q    :        0.003530
R    :        0.046222
S    :        0.140852
T    :        0.208925
U    :        0.015295
V    :        0.015968
W    :        0.129759
X    :        0.001681
Y    :        0.081183
Z    :        0.000336
a    :        5.933766
b    :        1.029328
c    :        1.804855
d    :        3.166647
e    :        9.174537
f    :        1.531219
g    :        1.350363
h    :        4.757030
i    :        4.602228
j    :        0.071266
k    :        0.604251
l    :        2.905954
m    :        1.915788
n    :        4.936877
o    :        5.798125
p    :        1.174719
q    :        0.069922
r    :        4.271108
s    :        4.559871
t    :        6.600544
u    :        2.276658
v    :        0.752499
w    :        1.808888
x    :        0.095302
y    :        1.559288
z    :        0.025380
else :       24.839525
